0 0.234375 0.8834134615384616 0.27524038461538464 0.16105769230769232
0 0.5384615384615384 0.6706730769230769 0.24879807692307693 0.12379807692307693
0 0.6418269230769231 0.7548076923076923 0.24158653846153846 0.10576923076923077
0 0.8978365384615384 0.7824519230769231 0.20432692307692307 0.08413461538461539
0 0.27403846153846156 0.6862980769230769 0.23798076923076922 0.1814903846153846
0 0.34375 0.5084134615384616 0.16947115384615385 0.08052884615384616
0 0.07692307692307693 0.7836538461538461 0.11778846153846154 0.16105769230769232
0 0.6310096153846154 0.5685096153846154 0.19230769230769232 0.07211538461538461
0 0.8557692307692307 0.4831730769230769 0.19831730769230768 0.10576923076923077
0 0.5444711538461539 0.37740384615384615 0.11658653846153846 0.038461538461538464
0 0.5300480769230769 0.5036057692307693 0.17908653846153846 0.08173076923076923
0 0.078125 0.46274038461538464 0.11778846153846154 0.10096153846153846
0 0.32572115384615385 0.39783653846153844 0.1814903846153846 0.109375
0 0.7043269230769231 0.41947115384615385 0.13341346153846154 0.1141826923076923
1 0.49399038461538464 0.5913461538461539 0.9879807692307693 0.5480769230769231